
4025608.32,717630.59,"15-HS-SBR-1A",9,23,,,
4025608.32,717630.59,"15-HS-SBR-1B",9,31,1,,
4025664.06,717807.29,"16-WB-1",16,31,6,,
4026125.60,717750.87,"16-WB-2A",16,31,3,,
4026125.60,717750.87,"16-WB-2B",16,21,,,
4026125.60,717750.87,"16-WB-2C",16,21,,,
4026850.47,718324.77,"16-WB-3",5,8,,,
4019303.16,721747.52,"16-WB-300",14,26,,,
4026983.54,718133.75,"16-WB-4A",4,15,,,
4026983.54,718133.75,"16-WB-4B",4,24,,,
4026983.54,718133.75,"16-WB-4C",4,26,,,
4027100.09,718071.10,"16-WB-5A",16,31,1,,
4027100.09,718071.10,"16-WB-5B",16,22,,,
4027100.09,718071.10,"16-WB-5C",16,31,4,,
4026362.06,718059.33,"HS-15-SBR-10A",16,21,,,
4026362.06,718059.33,"HS-15-SBR-10B",16,31,2,4,
4026639.35,718137.12,"HS-15-SBR-12A",3,21,,,
4026639.35,718137.12,"HS-15-SBR-12B",3,21,,,
4026983.95,717964.65,"HS-15-SBR-13A",12,30,,,
4026983.95,717964.65,"HS-15-SBR-13B",12,,,,
4026984.21,717970.57,"HS-15-SBR-14A",12,31,3,,
4026984.21,717970.57,"HS-15-SBR-14B",12,23,,,
4026984.21,717970.57,"HS-15-SBR-14C",12,23,,,
4023013.04,715752.98,"HS-15-SBR-15A",12,,,,
4023013.04,715752.98,"HS-15-SBR-15B",12,,,,
4025614.97,717616.78,"HS-15-SBR-2A",4,31,1,,
4025614.97,717616.78,"HS-15-SBR-2B",4,28,,,
4025614.97,717616.78,"HS-15-SBR-2C",4,21,,,
4025614.97,717616.78,"HS-15-SBR-2D",4,15,,,
4025614.97,717616.78,"HS-15-SBR-2E",4,15,,,
4025614.97,717616.78,"HS-15-SBR-3A",3,22,,,
4025614.97,717616.78,"HS-15-SBR-3B",3,21,,,
4025614.97,717616.78,"HS-15-SBR-3C",3,31,3,5,
4025614.97,717616.78,"HS-15-SBR-4A",12,15,,,
4025614.97,717616.78,"HS-15-SBR-4B",12,21,,,
4025690.28,717538.46,"HS-15-SBR-5A",4,2,,,
4025690.28,717538.46,"HS-15-SBR-5B",4,4,,,
4025690.28,717538.46,"HS-15-SBR-5C",4,3,,,
4025875.51,717482.89,"HS-15-SBR-6A",4,21,,,
4025875.51,717482.89,"HS-15-SBR-6B",4,21,,,
4025875.51,717482.89,"HS-15-SBR-6C",4,31,1,,
4025919.58,717460.86,"HS-15-SBR-7A",11,31,1,,
4025919.58,717460.86,"HS-15-SBR-7B",11,31,1,,
4025919.58,717460.86,"HS-15-SBR-7C",11,21,,,
4025924.15,717456.88,"HS-15-SBR-8A",12,21,,,
4025406.17,717737.16,"HS-15-STR-10",16,21,,,
4025483.92,717688.50,"HS-15-STR-11",3,21,,,
4025512.80,717695.23,"HS-15-STR-12A",16,15,,,
4025512.80,717695.23,"HS-15-STR-12B",16,9,,,
4025512.80,717695.23,"HS-15-STR-12C",16,9,,,
4025509.74,717670.52,"HS-15-STR-13",17,8,,,
4025546.25,717661.16,"HS-15-STR-14A",9,15,,,
4025546.25,717661.16,"HS-15-STR-14B",9,15,,,
4026188.39,718062.62,"HS-15-STR-15",17,31,4,4,
4024919.06,717827.54,"HS-15-STR-1A",15,18,,,
4024919.06,717827.54,"HS-15-STR-1B",15,18,,,
4024919.06,717827.54,"HS-15-STR-2",7,31,1,,
4024919.06,717827.54,"HS-15-STR-2A",11,31,1,,
4025133.83,717767.89,"HS-15-STR-3",16,21,,,
4025214.32,717803.32,"HS-15-STR-4A",4,21,,,
4025214.32,717803.32,"HS-15-STR-4B",4,21,,,
4025214.32,717803.32,"HS-15-STR-4C",4,21,,,
4025214.32,717803.32,"HS-15-STR-4D",4,21,,,
4025214.32,717803.32,"HS-15-STR-4E",4,21,,,
4025214.32,717803.32,"HS-15-STR-5F",4,21,,,
4025214.32,717803.32,"HS-15-STR-5G",4,31,1,,
4025214.32,717803.32,"HS-15-STR-5H",4,21,,,
4025235.66,717800.00,"HS-15-STR-6A",4,31,1,,
4025235.66,717800.00,"HS-15-STR-6B",4,15,,,
4025235.66,717800.00,"HS-15-STR-6C",4,31,1,,
4025235.66,717800.00,"HS-15-STR-6D",4,24,,,
4025235.66,717800.00,"HS-15-STR-6E",4,21,,,
4025235.66,717800.00,"HS-15-STR-6F",4,15,,,
4025235.66,717800.00,"HS-15-STR-6G",4,15,,,
4025234.51,717798.41,"HS-15-STR-7",11,23,,,
4025327.88,717789.60,"HS-15-STR-8A",4,21,,,
4025327.88,717789.60,"HS-15-STR-8B",4,21,,,
4025327.88,717789.60,"HS-15-STR-8C",4,21,,,
4025327.88,717789.60,"HS-15-STR-8D",4,31,1,,
4025327.88,717789.60,"HS-15-STR-9",11,,,,
4022178.05,712903.14,"16-WB-205",7,31,3,,
4022178.05,712903.14,"16-WB-206",14,22,,,
4022180.55,712900.84,"16-WB-207",7,31,4,,
4022154.33,712655.86,"16-WB-210",3,21,,,
4022151.04,712666.54,"16-WB-211",7,31,1,,
4022148.72,712662.46,"16-WB-212",3,21,,,
4022070.43,712584.51,"16-WB-213",7,31,1,,
4027269.58,717712.06,"16-WB-303A",14,26,,,
4027269.58,717712.06,"16-WB-303B",14,21,,,
4027194.67,717761.62,"16-WB-304A",14,26,,,
4027194.67,717761.62,"16-WB-304B",14,26,,,
4027019.81,717924.96,"16-WB-305A",3,21,,,
4027019.81,717924.96,"16-WB-305B",3,21,,,
4025133.83,717767.89,"16-WB-306",12,21,,,
4022235.11,713002.63,"16=WB-200",4,21,,,
4022239.67,713002.79,"16-WB-201",16,22,,,
4022239.67,713002.79,"16-WB-202",7,21,,,
4022247.48,712995.41,"16-WB-203",7,24,,,
4022202.13,712947.92,"16-WB-204",11,21,,,
4022249.42,712997.52,"16-WB-214A",7,21,,,
4022249.42,712997.52,"16-WB-214B",7,28,,,
4022249.42,712997.52,"16-WB-214C",7,31,1,,
4022249.42,712997.52,"16-WB-215A",13,31,1,,
4022249.42,712997.52,"16-WB-215B",13,31,1,,
4022249.42,712997.52,"16-WB-215C",13,21,,,
4022249.42,712997.52,"16-WB-215D",13,24,,,
4022220.53,712974.06,"16-WB-217A",7,31,1,,
4022220.53,712974.06,"16-WB-217B",7,31,6,,
4022071.40,712583.05,"16-WB-218A",13,31,1,,
4022071.40,712583.05,"16-WB-218B",13,31,4,5,
4022071.40,712583.05,"16-WB-218C",13,31,4,5,
4022071.40,712583.05,"16-WB-218D",13,21,,,
4021981.56,712418.69,"16-WB-220A",7,21,,,
4021981.56,712418.69,"16-WB-220B",7,21,,,
4026891.08,718209.62,"16-WB-307",3,21,,,
4026909.93,718230.70,"16-WB-310",12,31,1,,
4026884.43,718240.95,"16-WB-311A",3,21,,,
4022176.86,712896.41,"16-WB-208",7,31,1,,
4024711.00,717965.00,"16-WB-300",14,26,,,
4117930.00,675413.00,"16-ML-1",11,17,,,
4117930.00,675413.00,"16-ML-2",11,17,,,
4117930.00,675413.00,"16-ML-3",11,17,,,
4120864.00,670269.00,"14-LP-198",,31,6,,
4120864.00,670269.00,"14-LP-199",,31,6,,
4120864.00,670269.00,"14-LP-200",,31,6,,
4025138.30,717864.04,"14-WB-200",4,21,,,
4025138.30,717864.04,"14-WB-201",4,21,,,
4025138.30,717864.04,"14-WB-202",4,21,,,
4025138.30,717864.04,"14-WB-203",4,21,,,
4025126.68,717866.08,"14-WB-204",4,31,1,,
4025120.67,717869.85,"14-WB-205",4,21,,,
4025120.67,717869.85,"14-WB-206",4,21,,,
4024726.08,717910.84,"14-LW-101",15,31,1,,
4024726.08,717910.84,"14-LW-101A",15,31,1,,
4024726.08,717910.84,"14-LW-101B",15,31,1,,
4024726.08,717910.84,"14-LW-101I",15,31,1,,
4024726.08,717910.84,"14-WB-101",15,31,1,,
4024726.08,717910.84,"14-WB-101A",15,31,1,,
4024726.08,717910.84,"14-WB-101B",15,31,1,,
4024726.08,717910.84,"14-WB-101C",15,31,1,,
4024726.08,717910.84,"14-WB-101D",15,21,,,
4024726.08,717910.84,"14-WB-101E",15,8,,,
4024726.08,717910.84,"14-WB-101F",15,31,1,,
4024726.08,717910.84,"14-WB-101G",15,21,,,
4024726.08,717910.84,"14-WB-101H",15,31,1,,
4024726.08,717910.84,"14-WB-101I",15,31,1,,
4024726.08,717910.84,"14-WB-102",15,31,6,,
4024726.08,717910.84,"14-WB-103",,21,,,
4024726.08,717910.84,"14-WB-103A",16,21,,,
4024726.08,717910.84,"14-WB-103B",16,24,,,
4024726.08,717910.84,"14-WB-104",7,31,1,,
4024726.08,717910.84,"14-WB-105",12,31,1,,
4024726.08,717910.84,"14-WB-106",,31,1,,
4024726.08,717910.84,"14-WB-107",7,31,1,,
4024726.08,717910.84,"14-WB-108",,31,6,,
4024726.08,717910.84,"14-WB-109",7,31,1,,
4024726.08,717910.84,"14-WB-111",9,28,,,
4024658.98,717949.32,"14-WB-207",12,28,,,
4024729.11,717921.18,"14-WB-112",7,31,1,,
4024662.28,717955.82,"14-WB-208",,23,,,
4024724.45,717929.92,"14-WB-113",3,21,,,
4024722.87,717933.46,"14-WB-114",,21,,,
4024695.37,717955.84,"14-WB-209",3,21,,,
4024708.58,717962.92,"14-WB-210",16,31,1,,
4024708.58,717962.92,"14-WB-211",3,31,1,,
4024711.39,717960.18,"14-WB-212",4,31,1,,
4024567.70,716797.82,"14-WB-213",,31,6,,
4024567.70,716797.82,"14-WB-214",,31,3,,
4024583.57,716836.13,"14-WB-215",12,31,1,,
4023815.41,716177.35,"14-WB-216",16,31,7,,
4021972.13,712749.44,"14-WB-217",11,26,,,
4021972.13,712749.44,"14-WB-218",,31,4,,
4021960.39,712749.88,"14-WB-115",15,8,,,
4021947.44,712735.52,"14-WB-219",7,24,,,
4021889.27,712688.29,"14-WB-116",16,22,,,
4120838.35,670255.03,"14-LP-196",3,31,6,,
4120865.66,670261.27,"14-LP-197",3,31,6,,
4120888.25,670273.52,"14-LP-201",,31,6,,
4120892.49,670280.00,"14-LP-7",,31,6,,
4120551.76,669793.25,"14-LP-8",3,,,,
4120997.47,670273.08,"14-LP-9",,31,1,,
4121334.14,670153.35,"14-LP-10",7,31,1,,
4025030.00,717470.00,"17-WB-1",15,15,,,
4025030.00,717470.00,"17-WB-1a",15,21,,,
4025030.00,717470.00,"17-WB-1b",15,21,,,
4025030.00,717470.00,"17-WB-1c",15,21,,,
4025010.00,717442.00,"17-WB-2",13,21,,,
4025010.00,717442.00,"17-WB-2a",13,21,,,
4025010.00,717442.00,"17-WB-2b",13,15,,,
4024980.00,717286.00,"17-WB-3",,,,,
4022990.00,714726.00,"17-WB-4",7,,,,
4022990.00,714726.00,"17-WB-4a",7,31,1,,
4022990.00,714726.00,"17-WB-4b",7,31,1,,
4023030.00,715290.00,"17-WB-5",4,21,,,
4023030.00,715290.00,"17-WB-5a",4,21,,,
4023030.00,715290.00,"17-WB-5b",4,21,,,
4023030.00,715290.00,"17-WB-5c",4,21,,,
4023030.00,715290.00,"17-WB-5d",4,21,,,
4023030.00,715290.00,"17-WB-5e",4,31,1,,
4019190.00,710755.00,"17-WB-6",7,31,1,,
4021040.00,711624.00,"17-WB-7",7,21,,,
4021040.00,711624.00,"17-WB-7a",7,21,,,
4021040.00,711624.00,"17-WB-7b",7,21,,,
4021040.00,711624.00,"17-WB-7c",7,21,,,
4021150.00,711933.00,"17-WB-8",7,31,1,,
4021150.00,711933.00,"17-WB-8a",7,31,1,,
4021150.00,711933.00,"17-WB-8b",7,31,1,,
4021310.00,712057.00,"17-WB-9",4,21,,,
4021310.00,712057.00,"17-WB-9a",4,21,,,
4021310.00,712057.00,"17-WB-9b",4,21,,,
4021580.00,712111.00,"17-WB-10",,21,,,
4024050.00,716253.00,"17-WB-100",,21,,,
4023990.00,716350.00,"17-WB-101",,31,1,,
4023730.00,716020.00,"17-WB-102",,31,1,,
4022270.00,713011.00,"17-WB-104",13,31,7,,
4022270.00,713011.00,"17-WB-104a",13,31,7,,
4022270.00,713011.00,"17-WB-104b",13,31,7,,
4022270.00,713011.00,"17-WB-104c",13,31,1,,
4022270.00,713011.00,"17-WB-104d",13,31,1,,
4022270.00,713011.00,"17-WB-104e",13,31,1,,
4022270.00,713011.00,"17-WB-104f",13,31,1,,
4022270.00,713011.00,"17-WB-104g",13,21,,,
4022200.00,712915.00,"17-WB-105",13,21,,,
4022200.00,712915.00,"17-WB-105a",13,26,,,
4022200.00,712915.00,"17-WB-105b",13,31,1,,
4022200.00,712915.00,"17-WB-105c",13,21,,,
4022160.00,712677.00,"17-WB-106",3,31,7,,
4021940.00,712383.00,"17-WB-107a",16,21,,,
4021940.00,712383.00,"17-WB-107b",16,26,,,
4021670.00,712397.00,"17-WB-108",4,21,,,
4021630.00,712384.00,"17-WB-109",3,31,1,,
4021630.00,712384.00,"17-WB-109a",3,21,,,
4021630.00,712384.00,"17-WB-109b",3,21,,,
4008890.00,707095.00,"17_LW_1",4,31,1,,
4022227.00,712984.33,"16-WB-216A",14,8,,,
4022227.00,712984.33,"16-WB-216B",14,31,3,,
4022227.00,712984.33,"16-WB-216C",14,31,1,,
4022227.00,712984.33,"16-WB-216D",14,31,6,,
4023750.00,715980.00,"17-WB-103",7,,,,
